float Vertices[] = {
1 , -1 , 1 , 
-1 , -1 , 1 , 
-1 , -1 , -1 , 
-1 , 1 , -1 , 
-1 , 1 , 1 , 
0.999999 , 1 , 1 , 
1 , 1 , -0.999999 , 
0.999999 , 1 , 1 , 
1 , -1 , 1 , 
0.999999 , 1 , 1 , 
-1 , 1 , 1 , 
-1 , -1 , 1 , 
-1 , -1 , 1 , 
-1 , 1 , 1 , 
-1 , 1 , -1 , 
1 , -1 , -1 , 
-1 , -1 , -1 , 
-1 , 1 , -1 , 
1 , -1 , -1 , 
1 , -1 , 1 , 
-1 , -1 , -1 , 
1 , 1 , -0.999999 , 
-1 , 1 , -1 , 
0.999999 , 1 , 1 , 
1 , -1 , -1 , 
1 , 1 , -0.999999 , 
1 , -1 , 1 , 
1 , -1 , 1 , 
0.999999 , 1 , 1 , 
-1 , -1 , 1 , 
-1 , -1 , -1 , 
-1 , -1 , 1 , 
-1 , 1 , -1 , 
1 , 1 , -0.999999 , 
1 , -1 , -1 , 
-1 , 1 , -1 , 
};
float Uvs[] = {
0 , -1 , 
-1 , -1 , 
-1 , 0 , 
-1 , 1 , 
-1 , 0 , 
-0 , -0 , 
-0 , 1 , 
-1 , 1 , 
-1 , 0 , 
-0 , 1 , 
-1 , 1 , 
-1 , 0 , 
-0 , -0 , 
-0 , 1 , 
1 , 1 , 
0 , -1 , 
-1 , -1 , 
-1 , 0 , 
-0 , -0 , 
0 , -1 , 
-1 , 0 , 
-0 , 1 , 
-1 , 1 , 
-0 , -0 , 
-0 , -0 , 
-0 , 1 , 
-1 , 0 , 
-0 , -0 , 
-0 , 1 , 
-1 , 0 , 
1 , 0 , 
-0 , -0 , 
1 , 1 , 
-0 , -0 , 
0 , -1 , 
-1 , 0 , 
};
float Normals[] = {
0 , -1 , 0 , 
0 , -1 , 0 , 
0 , -1 , 0 , 
0 , 1 , 0 , 
0 , 1 , 0 , 
0 , 1 , 0 , 
1 , 0 , 0 , 
1 , 0 , 0 , 
1 , 0 , 0 , 
-0 , 0 , 1 , 
-0 , 0 , 1 , 
-0 , 0 , 1 , 
-1 , -0 , -0 , 
-1 , -0 , -0 , 
-1 , -0 , -0 , 
0 , 0 , -1 , 
0 , 0 , -1 , 
0 , 0 , -1 , 
0 , -1 , 0 , 
0 , -1 , 0 , 
0 , -1 , 0 , 
0 , 1 , 0 , 
0 , 1 , 0 , 
0 , 1 , 0 , 
1 , 0 , 0 , 
1 , 0 , 0 , 
1 , 0 , 0 , 
-0 , 0 , 1 , 
-0 , 0 , 1 , 
-0 , 0 , 1 , 
-1 , -0 , -0 , 
-1 , -0 , -0 , 
-1 , -0 , -0 , 
0 , 0 , -1 , 
0 , 0 , -1 , 
0 , 0 , -1 , 
};
float Tangents[] = {
-1 , -0 , 0 , 
-1 , -0 , 0 , 
-1 , -0 , 0 , 
1 , 0 , 4.76837e-007 , 
1 , 0 , 4.76837e-007 , 
1 , 0 , 4.76837e-007 , 
0 , 0 , -1 , 
0 , 0 , -1 , 
0 , 0 , -1 , 
1 , 0 , 0 , 
1 , 0 , 0 , 
1 , 0 , 0 , 
-0 , -0 , 1 , 
-0 , -0 , 1 , 
-0 , -0 , 1 , 
-1 , 0 , -0 , 
-1 , 0 , -0 , 
-1 , 0 , -0 , 
-1 , -0 , 0 , 
-1 , -0 , 0 , 
-1 , -0 , 0 , 
1 , -0 , 5.06639e-007 , 
1 , -0 , 5.06639e-007 , 
1 , -0 , 5.06639e-007 , 
0 , 0 , -1 , 
0 , 0 , -1 , 
0 , 0 , -1 , 
1 , 0 , 0 , 
1 , 0 , 0 , 
1 , 0 , 0 , 
-0 , -0 , 1 , 
-0 , -0 , 1 , 
-0 , -0 , 1 , 
-1 , -0 , -0 , 
-1 , -0 , -0 , 
-1 , -0 , -0 , 
};
float Bitangents[] = {
-0 , -0 , -2 , 
-0 , -0 , -2 , 
-0 , -0 , -2 , 
0 , 0 , -2 , 
0 , 0 , -2 , 
0 , 0 , -2 , 
-1.01328e-006 , 2 , 9.53674e-007 , 
-1.01328e-006 , 2 , 9.53674e-007 , 
-1.01328e-006 , 2 , 9.53674e-007 , 
0 , 2 , 0 , 
0 , 2 , 0 , 
0 , 2 , 0 , 
-0 , 2 , 0 , 
-0 , 2 , 0 , 
-0 , 2 , 0 , 
-0 , 2 , -0 , 
-0 , 2 , -0 , 
-0 , 2 , -0 , 
-0 , -0 , -2 , 
-0 , -0 , -2 , 
-0 , -0 , -2 , 
1.01328e-006 , -0 , -2 , 
1.01328e-006 , -0 , -2 , 
1.01328e-006 , -0 , -2 , 
0 , 2 , 1.01328e-006 , 
0 , 2 , 1.01328e-006 , 
0 , 2 , 1.01328e-006 , 
-1.01328e-006 , 2 , 9.53674e-007 , 
-1.01328e-006 , 2 , 9.53674e-007 , 
-1.01328e-006 , 2 , 9.53674e-007 , 
0 , 2 , 0 , 
0 , 2 , 0 , 
0 , 2 , 0 , 
-0 , 2 , 1.01328e-006 , 
-0 , 2 , 1.01328e-006 , 
-0 , 2 , 1.01328e-006 , 
};
